3.351096555620314832e-01
3.779032797195060467e-01
9.129500234254959157e-01
8.103296720081095694e-01
9.327678597057227350e-01
1.229423142295412580e-01
4.843940629232669215e-01
4.188739012965014274e-01
6.024565233007357357e-01
5.554048103804738457e-01
7.361912305541340462e-01
3.459361197471789717e-01
3.073846809330384872e-02
6.906458508639728988e-01
2.949228970829242957e-01
5.878040647157920517e-01
6.864526754558023525e-01
4.622778124855150828e-01
1.776585661423827345e-01
8.904368413225038914e-01
8.943391399208406867e-01
8.898100582379184220e-02
3.007218047361602808e-01
7.212071486002479270e-01
8.760443901048318160e-01
9.598729141919654095e-02
5.977958868857964347e-01
9.094733291455939783e-01
5.235137016472977134e-01
6.674902726657895302e-01
