1.065895746143928451e-02 4.578162657477012620e-02 3.641023482892645491e-02 -5.217771661206979314e-03 6.834368497623305363e-04 2.782404630749641533e-02 -5.227164051084765700e-02 -3.387101600021005798e-02 -2.737509683222043560e-03 1.060563272415555869e-02
-6.799890248319113983e-02 7.177314350169708423e-02 1.337460402220518214e-02 -7.643219699645875664e-02 2.209439876250699278e-02 2.502606044814810471e-02 -4.960139212075207610e-02 -2.545299694815548325e-02 -4.561213695517435385e-02 2.568522821318584143e-02
-9.422934327859390502e-02 2.460134372592895011e-02 2.611591867691732266e-02 -7.319276438629369885e-02 3.755137663553888782e-04 1.343106195817889148e-02 -7.502708441396653549e-02 6.778254835426508404e-03 -7.530794273331455069e-02 -2.547027430022964778e-02
-9.796884999235226654e-02 -4.604545013202037372e-03 2.444907572537869875e-02 -5.152168501326854361e-02 -3.164090357366425299e-02 -1.690801457031256699e-02 -1.533675585973940693e-02 1.038868531541290580e-02 8.239363891909089535e-03 -9.887306006562431374e-03
-3.512783026805715164e-02 3.423228061486600915e-02 3.873759664575937567e-02 -5.956030153506285812e-02 -2.276400487115496415e-03 -3.981875987029083463e-02 -6.764618114296806761e-02 -2.078558835084744205e-02 -7.635405438599178474e-02 5.879918348670519490e-02
-1.709373179169041204e-02 2.289330441747153971e-02 5.116643772738458523e-02 -9.922321415599977615e-03 5.474951227930064529e-02 1.293375482143869701e-02 5.095297716176318270e-02 5.418243257802858809e-04 -8.365910394217043397e-03 2.421262066271186522e-02
-4.830132417042935777e-02 4.097127848896010144e-02 -3.946119284877014355e-02 -8.353150048099174108e-02 3.228779105550138445e-02 1.812278642736164447e-05 2.827405873505563216e-02 -1.488348970906913649e-02 -5.135688047486821478e-02 -4.836002714590202645e-02
-3.897726563656746246e-02 -2.169014947181875305e-02 7.155173104332077615e-03 2.575153826426709175e-02 -1.180811147443419119e-02 -5.340390312230056807e-02 1.473805133549162261e-02 6.383807868996418944e-02 -4.201403046488327853e-02 4.770639388208790244e-02
-1.649854175383655419e-02 7.758220247111186074e-02 -3.531544442472418083e-02 -6.880684313178360434e-02 4.465203008640587778e-02 4.988053493202073557e-02 3.824162823489085650e-02 1.349060475280872660e-02 -6.369545372308454967e-02 3.191725553151648215e-02
9.493631767663728363e-03 1.740455607675649163e-02 2.084706908928642480e-02 -2.815165878839941127e-02 5.363342481311518528e-02 -4.587473879233607693e-02 2.056106490113814370e-02 4.496505526638737427e-02 2.792787690821412275e-02 -4.965211916697136879e-02
-2.882549051009932264e-02 7.394453908243366069e-02 3.789153095054785536e-02 7.343047018356538627e-03 -3.365637523518229951e-02 2.354971546362315607e-02 -6.692088097206520814e-02 3.048678995220271276e-02 1.378924979810324317e-02 3.687543165293220154e-02
-6.630280332975174717e-02 3.265100737888526616e-02 -1.744463339363968267e-03 -6.430287936710314678e-02 2.769104946054375474e-02 -4.344434858362020146e-02 -2.497436005254617675e-02 -3.155202211819698593e-02 1.272872730556930815e-02 -4.549122247317633622e-02
1.987594579224030017e-02 3.897416676470206315e-02 3.102563256485475762e-02 5.074930571606564578e-02 -1.635579518494748724e-02 3.167454345970072138e-03 -3.660526158458168172e-02 -5.137293120077340847e-02 -2.623612896638242639e-02 -1.186905236221456016e-02
-4.010428127826155126e-02 -1.374998948233740505e-02 -1.390102453859197451e-02 -6.482270201377002272e-02 5.874310477045012469e-02 -5.184002147576957653e-02 -3.785309106936144558e-02 -3.157349870158757382e-03 -5.407157078517797061e-02 -4.734277767329653219e-02
-6.597474640734879436e-02 5.951813235085299386e-02 -2.643413464227134524e-02 -3.971985547856695525e-02 2.880547279758352563e-02 -3.619999845874020180e-03 5.309162944238203334e-03 5.697797004992559422e-03 -6.409531488375838464e-03 -2.223704006621456120e-02
3.857735062542321305e-03 5.347112714641420045e-02 -1.402775648944758376e-02 -7.617670970093208017e-03 5.479029212855341530e-02 -2.678658824000829802e-03 -1.597957185426656865e-02 3.820863137377401159e-02 -1.981044665058735027e-02 2.710770751481594854e-02
-9.428773738102788626e-02 -9.017620876687466175e-03 1.776284366482571223e-02 -9.098331344816545929e-02 -7.928206342274438101e-03 4.972110764399714604e-03 -4.327997603042307156e-02 4.168507630680801795e-02 -2.482990139485258957e-02 -3.569439093983152456e-02
-9.256798788301623393e-02 3.947460678481479190e-02 -1.820264980356076437e-02 -1.884857289432597532e-02 -2.564141594981225562e-04 -8.842206326338484038e-03 -2.949835541122599811e-02 4.456272046750442417e-02 -2.591277048889787868e-02 3.216856758281948919e-02
-4.895934829954463191e-02 8.963307914211543926e-04 4.253399783745206997e-02 -6.260506409533626859e-02 4.607979414202626606e-02 -3.380629321088469280e-02 -4.442841570053764066e-02 -4.149333729832837409e-02 -3.734559550432955434e-03 -1.580004704943885905e-03
-6.559951296165389412e-02 2.506323482406502129e-02 -2.420921697120496235e-02 -4.737964549331881436e-02 -1.114423932526851027e-02 -3.892603180020358378e-02 -5.143895410158026704e-02 7.447452244274586908e-02 -6.657263692320890269e-02 2.135077660579002765e-02
-3.919055871001619201e-02 5.092802250892840971e-02 1.889570690355780319e-02 -2.998160715605475632e-02 1.247106692190672744e-02 -4.243493255713497170e-02 -7.250920912822934883e-02 -1.597920302675101892e-02 -4.225482841595321060e-02 -3.668791167915741447e-02
-1.034902050218837813e-02 9.908163856439465567e-03 -3.800004122107165905e-04 -2.133581049637779670e-02 2.060970520084396199e-02 4.371730431863087019e-02 -9.233612076548934275e-03 1.382912149937065224e-02 -3.702538295889865744e-02 -5.868738065251093670e-03
-1.258625911896053134e-02 -8.132871885644838567e-03 -1.056962875388837292e-02 -5.929019840707296790e-02 -5.330244782760705513e-02 2.729925890455524307e-02 -3.528858442250241978e-02 4.380107463154782332e-02 3.953455508510268779e-02 -6.874547997071937117e-03
-1.117859875090456562e-01 4.205697453528418200e-02 -1.324059139974546363e-02 -1.406838019696459927e-02 -1.990048665423635454e-02 -5.566606791590709286e-02 -6.888393153761997179e-02 6.184523312401302847e-02 2.878235226617047865e-02 -4.016354673522819219e-02
-5.282178049430994587e-02 2.659337151189696338e-02 -3.109460558594688562e-02 -1.055476433008283726e-01 5.072583626187349148e-02 -5.329988065603597641e-02 -4.021685878646119594e-02 8.212258474303241185e-02 3.561405435959841270e-02 5.397758899838141916e-02
3.181255091905141330e-02 -2.386199657712390412e-02 -4.346704623368944503e-02 -3.456220992760145050e-02 5.317473089204429598e-02 3.463905890351787198e-02 2.569157871091875406e-02 4.952561227644579345e-02 3.182802444142886211e-02 4.908757768903233842e-02
-8.116498692938521609e-02 4.082159585917122246e-02 4.670173537979460665e-02 -9.538472238962604488e-02 -4.783427713148848820e-02 -3.978302218676992713e-02 1.560467960919663735e-02 4.166347272533613838e-02 -2.909354021565099466e-02 -7.536393003275479452e-03
-5.645227774032777340e-02 3.513275180208514509e-02 3.559253738121882782e-02 2.895779674852277160e-03 1.602467223129742935e-02 -3.999846370454750860e-02 -2.918784314909861344e-02 -1.701292774096737140e-02 1.246906827139882337e-02 1.519810738773747817e-02
-2.109899002403706550e-02 2.285260815058462805e-02 2.831890996765719370e-02 1.572556272082724013e-02 5.045233190589387684e-02 2.142727609105699038e-02 -3.388848285257912638e-03 3.342175277409326073e-02 -5.125804592268618648e-02 2.154369010061645343e-02
-3.953287591674901902e-02 3.213372962181992171e-02 1.256979802275251176e-02 -5.989664928983312597e-02 -4.380882706319928765e-02 3.931507305503514210e-02 -2.449315936656255507e-02 -3.883508228830546993e-04 2.482582707828558805e-02 1.990898820873583143e-03
