1.411844756814513435e-01 1.123745807505108635e-01 1.360102833752742102e-01 2.610637549283146425e-02 -8.231452136034701078e-03
1.030024336135745011e-01 -1.179260825810060642e-01 1.300507586618935563e-01 -1.405850456086698286e-01 3.601710907118926136e-02
-3.323059896167397664e-02 5.519648868710700512e-02 -5.387146917537609381e-02 -9.215256479124149525e-02 -4.398339686390219383e-02
9.831533281108878475e-02 8.774794838836744160e-02 -1.825789563808592406e-02 4.695290039962120993e-02 1.152124651902068642e-01
1.261029518042412062e-02 -1.296220694253265131e-02 1.222134175772420089e-01 -8.346706368890319250e-02 9.243371750737174042e-02
6.718093838068020518e-02 -1.302935070599141321e-01 7.252160802847090748e-02 1.012694639022494042e-02 1.188501450235298317e-02
-1.045492956308959470e-01 1.007771952354779149e-01 -4.485102515016772817e-02 1.040404786569303353e-01 -6.473965355926389331e-02
-1.162691963398712891e-01 1.906510187280222382e-02 -4.012266817185304590e-02 -7.066816279903273545e-02 6.792284118365088386e-02
-3.991504504402593190e-02 1.353361499812529012e-01 -1.663853743913984527e-03 6.328540002800767117e-02 -4.028620947926812162e-02
1.259630264251151988e-01 -4.022902269843728340e-02 -6.196214747817763158e-02 -1.838067173648923885e-02 -1.025531027929666751e-02
